[gd_scene load_steps=12 format=2]

[ext_resource path="res://ships/TestShip/TestShip.tscn" type="PackedScene" id=1]

[sub_resource type="SpatialMaterial" id=5]
albedo_color = Color( 0, 0, 0, 1 )

[sub_resource type="CubeMesh" id=2]
material = SubResource( 5 )
flip_faces = true
size = Vector3( 30, 30, 50 )

[sub_resource type="SpatialMaterial" id=12]
flags_unshaded = true

[sub_resource type="CubeMesh" id=4]
material = SubResource( 12 )
size = Vector3( 0.1, 0.1, 0.1 )

[sub_resource type="Shader" id=7]
code = "shader_type spatial;
render_mode specular_schlick_ggx, unshaded, cull_back, async_visible;//

uniform vec4 tint_color : hint_color = vec4( 0.3, 0.4, 0.45, 1.0);
uniform sampler2D caustics : hint_white;
uniform float slowdown : hint_range( 0.1, 10.0, 0.1 ) = 5.0;
uniform float time_caust : hint_range( 0.01, 1.0, 0.01 ) = 0.13;
uniform float caust_form : hint_range( 0.01, 1.0, 0.01 ) = 0.15;
uniform float tile: hint_range( 0.1, 16.0, 0.1 ) = 4.0;

void fragment() {

// Caustics
	float caustics_form = texture(caustics , UV * (tile + sin(TIME / slowdown) * time_caust )).r;//
	vec2 caustics_uv =  UV * (tile + cos(TIME / slowdown) * time_caust ) + caustics_form * caust_form ;
	float caustics_final = texture(caustics, caustics_uv).r;
	ALBEDO = (1.0-SCREEN_UV.y) * caustics_final * tint_color.rgb ;
	ALPHA = min(SCREEN_UV.y + 0.5, 1.0 ) * tint_color.a;
		
}"

[sub_resource type="OpenSimplexNoise" id=9]
seed = 7
octaves = 8
period = 20.0
persistence = 0.1
lacunarity = 4.0

[sub_resource type="NoiseTexture" id=10]
noise = SubResource( 9 )
noise_offset = Vector2( 10, 0 )

[sub_resource type="ShaderMaterial" id=8]
shader = SubResource( 7 )
shader_param/tint_color = Color( 0.027451, 0.168627, 0.243137, 1 )
shader_param/slowdown = 2.0
shader_param/time_caust = 0.13
shader_param/caust_form = 0.15
shader_param/tile = 4.0
shader_param/caustics = SubResource( 10 )

[sub_resource type="PlaneMesh" id=6]
material = SubResource( 8 )
size = Vector2( 200, 150 )

[sub_resource type="Environment" id=11]
dof_blur_far_enabled = true
dof_blur_far_distance = 20.0
dof_blur_far_transition = 10.0
dof_blur_far_amount = 0.08
dof_blur_near_distance = 12.0
glow_enabled = true
glow_intensity = 0.1
glow_bloom = 0.1

[node name="ShipView" type="Spatial"]

[node name="TestShip" parent="." instance=ExtResource( 1 )]

[node name="MeshInstance" type="MeshInstance" parent="."]
visible = false
mesh = SubResource( 2 )

[node name="Camera" type="Camera" parent="."]
transform = Transform( -0.828583, 0.372719, -0.41777, 0.130074, 0.853932, 0.503866, 0.544547, 0.363154, -0.756034, -5.74742, 7.43235, -17.9444 )

[node name="CPUParticles" type="CPUParticles" parent="."]
transform = Transform( 1, 0, 0, 0, 1, 0, 0, 0, 1, 0, 0, -37.7206 )
amount = 5000
lifetime = 10.0
preprocess = 10.0
mesh = SubResource( 4 )
emission_shape = 2
emission_box_extents = Vector3( 50, 30, 10 )
gravity = Vector3( 0, -1, 10 )

[node name="MeshInstance2" type="MeshInstance" parent="."]
transform = Transform( 0.873751, -0.486304, -0.00826081, 0.0867858, 0.139173, 0.986458, -0.478569, -0.862635, 0.163807, 9.13324, -33.5724, 22.6959 )
mesh = SubResource( 6 )

[node name="DirectionalLight" type="DirectionalLight" parent="."]
transform = Transform( -0.926635, -0.279003, 0.252003, 0.371304, -0.573939, 0.729882, -0.0590045, 0.769903, 0.635427, 0, 10, -19.7965 )
light_color = Color( 0.2, 0.545098, 0.768627, 1 )
light_energy = 30.0

[node name="WorldEnvironment" type="WorldEnvironment" parent="."]
environment = SubResource( 11 )
